;wood
2x2 1,1 1,1 1,1 1,1 1,4
shapeless 3,1 4,4
;table, furnace, chest
2x2 4,1 4,1 4,1 4,1 25,1
3x3 23,1 23,1 23,1 23,1 0,0 23,1 23,1 23,1 23,1 26,1
3x3 4,1 4,1 4,1 4,1 0,0 4,1 4,1 4,1 4,1 42,1
;sticks
2x2 4,1 0,0 4,1 0,0 256,4
2x2 0,0 4,1 0,0 4,1 256,4
;swords
3x3 0,0 4,1 0,0 0,0 4,1 0,0 0,0 256,1 0,0 272,1
3x3 0,0 23,1 0,0 0,0 23,1 0,0 0,0 256,1 0,0 273,1
3x3 0,0 258,1 0,0 0,0 258,1 0,0 0,0 256,1 0,0 274,1
3x3 0,0 259,1 0,0 0,0 259,1 0,0 0,0 256,1 0,0 275,1
3x3 0,0 260,1 0,0 0,0 260,1 0,0 0,0 256,1 0,0 276,1
;pickaxes
3x3 4,1 4,1 4,1 0,0 256,1 0,0 0,0 256,1 0,0 278,1
3x3 23,1 23,1 23,1 0,0 256,1 0,0 0,0 256,1 0,0 279,1
3x3 258,1 258,1 258,1 0,0 256,1 0,0 0,0 256,1 0,0 280,1
3x3 259,1 259,1 259,1 0,0 256,1 0,0 0,0 256,1 0,0 281,1
3x3 260,1 260,1 260,1 0,0 256,1 0,0 0,0 256,1 0,0 282,1
;axes
3x3 4,1 4,1 0,0 4,1 256,1 0,0 0,0 256,1 0,0 288,1
3x3 0,0 4,1 4,1 0,0 256,1 4,1 0,0 256,1 0,0 288,1
3x3 23,1 23,1 0,0 23,1 256,1 0,0 0,0 256,1 0,0 289,1
3x3 0,0 23,1 23,1 0,0 256,1 23,1 0,0 256,1 0,0 289,1
3x3 258,1 258,1 0,0 258,1 256,1 0,0 0,0 256,1 0,0 290,1
3x3 0,0 258,1 258,1 0,0 256,1 258,1 0,0 256,1 0,0 290,1
3x3 259,1 259,1 0,0 259,1 256,1 0,0 0,0 256,1 0,0 291,1
3x3 0,0 259,1 259,1 0,0 256,1 259,1 0,0 256,1 0,0 291,1
3x3 260,1 260,1 0,0 260,1 256,1 0,0 0,0 256,1 0,0 292,1
3x3 0,0 260,1 260,1 0,0 256,1 260,1 0,0 256,1 0,0 292,1
;hoes
3x3 4,1 4,1 0,0 0,0 256,1 0,0 0,0 256,1 0,0 304,1
3x3 0,0 4,1 4,1 0,0 256,1 0,0 0,0 256,1 0,0 304,1
3x3 23,1 23,1 0,0 0,0 256,1 0,0 0,0 256,1 0,0 305,1
3x3 0,0 23,1 23,1 0,0 256,1 0,0 0,0 256,1 0,0 305,1
3x3 258,1 258,1 0,0 0,0 256,1 0,0 0,0 256,1 0,0 306,1
3x3 0,0 258,1 258,1 0,0 256,1 0,0 0,0 256,1 0,0 306,1
3x3 259,1 259,1 0,0 0,0 256,1 0,0 0,0 256,1 0,0 307,1
3x3 0,0 259,1 259,1 0,0 256,1 0,0 0,0 256,1 0,0 307,1
3x3 260,1 260,1 0,0 0,0 256,1 0,0 0,0 256,1 0,0 308,1
3x3 0,0 260,1 260,1 0,0 256,1 0,0 0,0 256,1 0,0 308,1
;shovels
3x3 0,0 4,1 0,0 0,0 256,1 0,0 0,0 256,1 0,0 294,1
3x3 0,0 23,1 0,0 0,0 256,1 0,0 0,0 256,1 0,0 295,1
3x3 0,0 258,1 0,0 0,0 256,1 0,0 0,0 256,1 0,0 296,1
3x3 0,0 259,1 0,0 0,0 256,1 0,0 0,0 256,1 0,0 297,1
3x3 0,0 260,1 0,0 0,0 256,1 0,0 0,0 256,1 0,0 298,1
;ladders
3x3 256,1 0,0 256,1 256,1 256,1 256,1 256,1 0,0 256,1 9,3
;torches
2x2 257,1 0,0 256,1 0,0 10,4
2x2 0,0 257,1 0,0 256,1 10,4
;stairs
3x3 4,1 0,0 0,0 4,1 4,1 0,0 4,1 4,1 4,1 50,6
3x3 0,0 0,0 4,1 0,0 4,1 4,1 4,1 4,1 4,1 50,6
;slabs
3x3 4,1 4,1 4,1 0,0 0,0 0,0 0,0 0,0 0,0 48,3
3x3 0,0 0,0 0,0 4,1 4,1 4,1 0,0 0,0 0,0 48,3
3x3 0,0 0,0 0,0 0,0 0,0 0,0 4,1 4,1 4,1 48,3
;doors
3x3 4,1 4,1 0,0 4,1 4,1 0,0 4,1 4,1 0,0 60,1
3x3 0,0 4,1 4,1 0,0 4,1 4,1 0,0 4,1 4,1 60,1
;apples
3x3 259,1 259,1 259,1 259,1 336,1 259,1 259,1 259,1 259,1 337,1
;bread
3x3 339,1 339,1 339,1 0,0 0,0 0,0 0,0 0,0 0,0 340,1
3x3 0,0 0,0 0,0 339,1 339,1 339,1 0,0 0,0 0,0 340,1
3x3 0,0 0,0 0,0 0,0 0,0 0,0 339,1 339,1 339,1 340,1
;armor
3x3 4,1 4,1 4,1 4,1 0,0 4,1 0,0 0,0 0,0 268,1
3x3 4,1 0,0 4,1 4,1 4,1 4,1 4,1 4,1 4,1 269,1
3x3 4,1 4,1 4,1 4,1 0,0 4,1 4,1 0,0 4,1 270,1
3x3 0,0 0,0 0,0 4,1 0,0 4,1 4,1 0,0 4,1 271,1
3x3 4,1 0,0 4,1 4,1 0,0 4,1 0,0 0,0 0,0 271,1
3x3 258,1 258,1 258,1 258,1 0,0 258,1 0,0 0,0 0,0 284,1
3x3 258,1 0,0 258,1 258,1 258,1 258,1 258,1 258,1 258,1 285,1
3x3 258,1 258,1 258,1 258,1 0,0 258,1 258,1 0,0 258,1 286,1
3x3 0,0 0,0 0,0 258,1 0,0 258,1 258,1 0,0 258,1 287,1
3x3 258,1 0,0 258,1 258,1 0,0 258,1 0,0 0,0 0,0 287,1
3x3 259,1 259,1 259,1 259,1 0,0 259,1 0,0 0,0 0,0 300,1
3x3 259,1 0,0 259,1 259,1 259,1 259,1 259,1 259,1 259,1 301,1
3x3 259,1 259,1 259,1 259,1 0,0 259,1 259,1 0,0 259,1 302,1
3x3 0,0 0,0 0,0 259,1 0,0 259,1 259,1 0,0 259,1 303,1
3x3 259,1 0,0 259,1 259,1 0,0 259,1 0,0 0,0 0,0 303,1
3x3 260,1 260,1 260,1 260,1 0,0 260,1 0,0 0,0 0,0 316,1
3x3 260,1 0,0 260,1 260,1 260,1 260,1 260,1 260,1 260,1 317,1
3x3 260,1 260,1 260,1 260,1 0,0 260,1 260,1 0,0 260,1 318,1
3x3 0,0 0,0 0,0 260,1 0,0 260,1 260,1 0,0 260,1 319,1
3x3 260,1 0,0 260,1 260,1 0,0 260,1 0,0 0,0 0,0 319,1
;glowstone
2x2 267,1 267,1 267,1 267,1 96,1